precision: 0.9529953917050691
recall: 0.9312518763134194
fbeta: 0.9419981779532342
